26195
26195
26194
26194
26193
26192
26191
26190
26189
26187
26185
26182
26180
26177
26173
26170
26165
26161
26156
26150
26143
26136
26129
26120
26111
26100
26088
26076
26062
26046
26029
26010
25989
25966
25941
25913
25883
25849
25813
25772
25728
25679
25625
25567
25502
25431
25354
25269
25176
25074
24962
24841
24707
24561
24402
24228
24039
23832
23607
23362
23095
22804
22489
22146
21775
21372
20936
20465
19955
19406
18813
18176
17490
16755
15968
15126
14229
13273
12259
11185
10051
8859
7610
6307
4956
3562
2135
685
-772
-2221
-3647
-5038
-6387
-7686
-8932
-10121
-11251
-12321
-13332
-14284
-15178
-16017
-16801
-17533
-18215
-18850
-19440
-19987
-20494
-20963
-21397
-21798
-22168
-22508
-22822
-23111
-23377
-23621
-23845
-24051
-24239
-24412
-24571
-24716
-24848
-24970
-25080
-25182
-25274
-25359
-25436
-25506
-25570
-25629
-25682
-25731
-25775
-25815
-25852
-25885
-25915
-25943
-25968
-25991
-26012
-26030
-26047
-26063
-26077
-26090
-26101
-26112
-26121
-26130
-26138
-26145
-26152
-26157
-26163
-26167
-26172
-26176
-26179
-26183
-26185
-26188
-26191
-26193
-26195
-26196
-26198
-26199
-26201
-26202
-26203
-26204
-26205
-26206
-26206
-26207
-26208
-26208
-26209
-26209
-26209
-26210
-26210
-26210
-26211
-26211
-26211
-26211
-26212
-26212
-26212
-26212
-26212
-26212
-26212
-26212
-26212
-26212
-26213
-26213
-26213
-26213
-26213
-26213
-26213
-26213
-26213
-26213
-26213
-26213
-26213
-26213
-26213
-26213
-26213
-26213
-26213
-26213
-26213
-26213
-26213
-26213
-26213
-26213
-26213
-26213
-26213
-26213
-26213
-26213
-26213
-26213
-26213
-26213
-26213
-26213
-26213
-26213
-26213
-26213
-26213
-26213
-26213
-26213
-26213
-26213
-26213
-26213
-26213
-26213
-26213
-26213
-26213
-26213
-26213
-26213
-26213
-26213
-26213
-26213
-26213
-26213
-26213
-26213
-26213
-26213
-26213
-26213
-26213
-26213
-26213
-26213
-26213
-26213
-26213
-26213
-26213
-26213
-26213
-26213
-26213
-26213
-26213
-26213
-26213
-26213
-26213
-26213
-26213
-26213
-26213
-26213
-26213
-26213
-26213
-26213
-26213
-26213
-26213
-26213
-26213
-26213
-26213
-26213
-26213
-26213
-26213
-26213
-26213
-26213
-26213
-26213
-26213
-26213
-26213
-26213
-26213
-26213
-26213
-26213
-26213
-26213
-26213
-26213
-26213
-26213
-26213
-26213
-26213
-26213
-26213
-26213
-26213
-26213
-26213
-26213
-26213
-26213
-26213
-26213
-26213
-26213
-26213
-26213
-26213
-26213
-26213
-26213
-26213
-26213
-26213
-26213
-26213
-26213
-26213
-26213
-26213
-26213
-26213
-26213
-26213
-26213
-26213
-26213
-26213
-26213
-26213
-26213
-26213
-26213
-26213
-26213
-26213
-26213
-26213
-26213
-26213
-26213
-26213
-26213
-26213
-26213
-26213
-26213
-26213
-26213
-26213
-26213
-26213
-26213
-26213
-26213
-26213
-26213
-26213
-26213
-26213
-26213
-26213
-26213
-26213
-26213
-26213
-26213
-26213
-26213
-26213
-26213
-26213
-26213
-26213
-26213
-26213
-26213
-26213
-26213
-26213
-26213
-26213
-26213
-26213
-26213
-26213
-26213
-26213
-26213
-26213
-26213
-26213
-26213
-26213
-26213
-26213
-26213
-26213
-26213
-26213
-26213
-26213
-26213
-26213
-26213
-26213
-26213
-26213
-26213
-26213
-26213
-26213
-26213
-26213
-26213
-26213
-26213
-26213
-26213
-26213
-26213
-26213
-26213
-26213
-26213
-26213
-26213
-26213
-26213
-26213
-26213
-26213
-26213
-26213
-26213
-26213
-26213
-26213
-26213
-26213
-26213
-26213
-26213
-26213
-26213
-26213
-26213
-26213
-26213
-26213
-26213
-26213
-26213
-26213
-26213
-26213
-26213
-26213
-26213
-26213
-26213
-26213
-26213
-26213
-26213
-26213
-26213
-26213
-26213
-26213
-26213
-26213
-26213
-26213
-26213
-26213
-26213
-26213
-26213
-26213
-26213
-26213
-26213
-26213
-26213
-26213
-26213
-26213
-26213
-26213
-26213
-26213
-26213
-26213
-26213
-26213
-26213
-26213
-26213
-26213
-26213
-26213
-26213
-26213
-26213
-26213
-26213
-26213
-26213
-26213
-26213
-26213
-26213
-26213
-26213
-26213
-26213
-26213
-26213
-26213
-26213
-26213
-26213
-26213
-26213
-26213
-26213
-26213
-26213
-26213
-26213
-26213
-26213
-26213
-26213
-26213
-26212
-26212
-26212
-26212
-26212
-26212
-26212
-26212
-26212
-26211
-26211
-26211
-26211
-26211
-26210
-26210
-26210
-26209
-26209
-26208
-26208
-26207
-26207
-26206
-26205
-26204
-26204
-26203
-26201
-26200
-26199
-26197
-26196
-26194
-26192
-26189
-26187
-26184
-26181
-26178
-26174
-26170
-26165
-26160
-26155
-26148
-26142
-26134
-26126
-26117
-26107
-26096
-26084
-26070
-26056
-26039
-26021
-26002
-25980
-25956
-25930
-25901
-25869
-25834
-25796
-25754
-25708
-25657
-25601
-25540
-25473
-25399
-25318
-25230
-25133
-25027
-24912
-24785
-24646
-24495
-24330
-24149
-23953
-23738
-23504
-23250
-22973
-22672
-22345
-21991
-21606
-21190
-20739
-20251
-19725
-19157
-18546
-17888
-17182
-16425
-15614
-14749
-13826
-12846
-11806
-10706
-9547
-8331
-7058
-5734
-4363
-2954
-1515
-60
1395
2835
4248
5622
6950
8227
9448
10612
11717
12762
13747
14674
15544
16359
17121
17831
18493
19108
19679
20209
20700
21153
21573
21960
22317
22646
22949
23228
23484
23719
23935
24134
24315
24482
24634
24774
24901
25018
25125
25222
25311
25393
25467
25534
25596
25652
25703
25750
25792
25831
25866
25898
25927
25954
25978
26000
26019
26037
26054
26069
26082
26094
26105
26115
26124
26133
26140
26147
26153
26158
26163
26168
26171
26175
26178
26181
26184
26186
26188
26189
26191
26192
26193
26194
26194
26195
26195
26195
26195
26194
26194
26193
26192
26191
26189
26188
26186
26184
26181
26178
26175
26172
26168
26163
26158
26153
26147
26140
26133
26125
26116
26106
26094
26082
26069
26054
26038
26020
26000
25978
25954
25928
25899
25867
25832
25793
25751
25705
25653
25597
25536
25468
25394
25313
25225
25127
25021
24904
24777
24638
24485
24319
24138
23940
23725
23490
23234
22956
22653
22325
21969
21582
21164
20710
20221
19692
19122
18508
17847
17138
16378
15564
14695
13769
12785
11742
10638
9476
8256
6980
5653
4280
2868
1428
-26
-1482
-2921
-4331
-5703
-7028
-8302
-9520
-10680
-11781
-12822
-13804
-14728
-15595
-16406
-17165
-17872
-18531
-19143
-19712
-20239
-20728
-21179
-21597
-21982
-22338
-22665
-22966
-23244
-23499
-23733
-23948
-24145
-24326
-24491
-24643
-24782
-24909
-25025
-25131
-25228
-25317
-25397
-25471
-25538
-25600
-25656
-25706
-25753
-25795
-25833
-25868
-25900
-25929
-25956
-25979
-26001
-26021
-26039
-26055
-26070
-26083
-26096
-26107
-26117
-26126
-26134
-26142
-26148
-26154
-26160
-26165
-26170
-26174
-26178
-26181
-26184
-26187
-26189
-26192
-26194
-26196
-26197
-26199
-26200
-26201
-26203
-26204
-26204
-26205
-26206
-26207
-26207
-26208
-26208
-26209
-26209
-26210
-26210
-26210
-26211
-26211
-26211
-26211
-26211
-26212
-26212
-26212
-26212
-26212
-26212
-26212
-26212
-26212
-26213
-26213
-26213
-26213
-26213
-26213
-26213
-26213
-26213
-26213
-26213
-26213
-26213
-26213
-26213
-26213
-26213
-26213
-26213
-26213
-26213
-26213
-26213
-26213
-26213
-26213
-26213
-26213
-26213
-26213
-26213
-26213
-26213
-26213
-26213
-26213
-26213
-26213
-26213
-26213
-26213
-26213
-26213
-26213
-26213
-26213
-26213
-26213
-26213
-26213
-26213
-26213
-26213
-26213
-26213
-26213
-26213
-26213
-26213
-26213
-26213
-26213
-26213
-26213
-26213
-26213
-26213
-26213
-26213
-26213
-26213
-26213
-26213
-26213
-26213
-26213
-26213
-26213
-26213
-26213
-26213
-26213
-26213
-26213
-26213
-26213
-26213
-26213
-26213
-26213
-26213
-26213
-26213
-26213
-26213
-26213
-26213
-26213
-26213
-26213
-26213
-26213
-26213
-26213
-26213
-26213
-26213
-26213
-26213
-26213
-26213
-26213
-26213
-26213
-26213
-26213
-26213
-26213
-26213
-26213
-26213
-26213
-26213
-26213
-26213
-26213
-26213
-26213
-26213
-26213
-26213
-26213
-26213
-26213
-26213
-26213
-26213
-26213
-26213
-26213
-26213
-26213
-26213
-26213
-26213
-26213
-26213
-26213
-26213
-26213
-26213
-26213
-26213
-26213
-26213
-26213
-26213
-26213
-26213
-26213
-26213
-26213
-26213
-26213
-26213
-26213
-26213
-26213
-26213
-26213
-26213
-26213
-26213
-26213
-26213
-26213
-26213
-26213
-26213
-26213
-26213
-26213
-26213
-26213
-26213
-26213
-26213
-26213
-26213
-26213
-26213
-26213
-26213
-26213
-26213
-26213
-26213
-26213
-26213
-26213
-26213
-26213
-26213
-26213
-26213
-26213
-26213
-26213
-26213
-26213
-26213
-26213
-26213
-26213
-26213
-26213
-26213
-26213
-26213
-26213
-26213
-26213
-26213
-26213
-26213
-26213
-26213
-26213
-26213
-26213
-26213
-26213
-26213
-26213
-26213
-26213
-26213
-26213
-26213
-26213
-26213
-26213
-26213
-26213
-26213
-26213
-26213
-26213
-26213
-26213
-26213
-26213
-26213
-26213
-26213
-26213
-26213
-26213
-26213
-26213
-26213
-26213
-26213
-26213
-26213
-26213
-26213
-26213
-26213
-26213
-26213
-26213
-26213
-26213
-26213
-26213
-26213
-26213
-26213
-26213
-26213
-26213
-26213
-26213
-26213
-26213
-26213
-26213
-26213
-26213
-26213
-26213
-26213
-26213
-26213
-26213
-26213
-26213
-26213
-26213
-26213
-26213
-26213
-26213
-26213
-26213
-26213
-26213
-26213
-26213
-26213
-26213
-26213
-26213
-26213
-26213
-26213
-26213
-26213
-26213
-26213
-26213
-26213
-26213
-26213
-26213
-26213
-26213
-26213
-26213
-26213
-26213
-26213
-26213
-26213
-26213
-26213
-26213
-26213
-26213
-26213
-26213
-26213
-26213
-26213
-26213
-26213
-26213
-26213
-26213
-26213
-26213
-26213
-26213
-26213
-26213
-26213
-26213
-26213
-26213
-26213
-26213
-26213
-26213
-26213
-26213
-26213
-26213
-26213
-26213
-26213
-26213
-26213
-26213
-26213
-26212
-26212
-26212
-26212
-26212
-26212
-26212
-26212
-26212
-26212
-26211
-26211
-26211
-26211
-26210
-26210
-26210
-26209
-26209
-26209
-26208
-26208
-26207
-26206
-26206
-26205
-26204
-26203
-26202
-26201
-26200
-26198
-26196
-26195
-26193
-26191
-26188
-26186
-26183
-26179
-26176
-26172
-26168
-26163
-26157
-26152
-26145
-26138
-26130
-26122
-26112
-26102
-26090
-26077
-26063
-26048
-26031
-26012
-25991
-25969
-25944
-25916
-25886
-25853
-25816
-25776
-25732
-25683
-25630
-25572
-25508
-25438
-25361
-25276
-25184
-25083
-24972
-24851
-24719
-24574
-24416
-24244
-24055
-23850
-23626
-23383
-23118
-22829
-22516
-22176
-21807
-21407
-20974
-20505
-19999
-19453
-18864
-18230
-17549
-16818
-16036
-15199
-14305
-13355
-12345
-11276
-10148
-8960
-7716
-6418
-5070
-3679
-2254
-806
651
2101
3529
4924
6277
7580
8831
10024
11159
12234
13250
14207
15106
15949
16738
17474
18160
18799
19392
19943
20453
20926
21362
21766
22138
22481
22797
23088
23356
23601
23827
24034
24224
24398
24558
24704
24838
24960
25072
25174
25267
25352
25430
25501
25565
25624
25678
25727
25771
25812
25849
25882
25913
25941
25966
25989
26010
26028
26046
26061
26075
26088
26100
26110
26120
26128
26136
26143
26150
26155
26161
26165
26170
26173
26177
26180
26182
26185
26187
26188
26190
26191
26192
26193
26194
26194
26195
26195
26195
26194
26194
26193
26192
26191
26190
26189
26187
26185
26182
26180
26177
26173
26170
26166
26161
26156
26150
26144
26137
26129
26120
26111
26100
26089
26076
26062
26046
26029
26010
25990
25967
25942
25914
25884
25850
25814
25773
25729
25680
25627
25568
25504
25433
25356
25271
25178
25076
24965
24843
24710
24565
24406
24233
24043
23837
23612
23368
23101
22811
22496
22155
21784
21382
20947
20476
19968
19419
18827
18191
17507
16773
15987
15147
14250
13296
12283
11210
10078
8887
7640
6338
4988
3595
2168
718
-738
-2187
-3614
-5006
-6356
-7657
-8904
-10094
-11225
-12297
-13309
-14263
-15158
-15998
-16783
-17516
-18200
-18836
-19426
-19975
-20483
-20953
-21387
-21789
-22159
-22501
-22815
-23105
-23371
-23616
-23840
-24046
-24235
-24408
-24567
-24712
-24845
-24967
-25078
-25179
-25272
-25357
-25434
-25505
-25569
-25628
-25681
-25730
-25774
-25814
-25851
-25884
-25915
-25942
-25968
-25990
-26011
-26030
-26047
-26063
-26077
-26090
-26101
-26112
-26121
-26130
-26138
-26145
-26151
-26157
-26163
-26167
-26172
-26176
-26179
-26182
-26185
-26188
-26190
-26193
-26195
-26196
-26198
-26199
-26201
-26202
-26203
-26204
-26205
-26206
-26206
-26207
-26208
-26208
-26209
-26209
-26209
-26210
-26210
-26210
-26211
-26211
-26211
-26211
-26212
-26212
-26212
-26212
-26212
-26212
-26212
-26212
-26212
-26212
-26213
-26213
-26213
-26213
-26213
-26213
-26213
-26213
-26213
-26213
-26213
-26213
-26213
-26213
-26213
-26213
-26213
-26213
-26213
-26213
-26213
-26213
-26213
-26213
-26213
-26213
-26213
-26213
-26213
-26213
-26213
-26213
-26213
-26213
-26213
-26213
-26213
-26213
-26213
-26213
-26213
-26213
-26213
-26213
-26213
-26213
-26213
-26213
-26213
-26213
-26213
-26213
-26213
-26213
-26213
-26213
-26213
-26213
-26213
-26213
-26213
-26213
-26213
-26213
-26213
-26213
-26213
-26213
-26213
-26213
-26213
-26213
-26213
-26213
-26213
-26213
-26213
-26213
-26213
-26213
-26213
-26213
-26213
-26213
-26213
-26213
-26213
-26213
-26213
-26213
-26213
-26213
-26213
-26213
-26213
-26213
-26213
-26213
-26213
-26213
-26213
-26213
-26213
-26213
-26213
-26213
-26213
-26213
-26213
-26213
-26213
-26213
-26213
-26213
-26213
-26213
-26213
-26213
-26213
-26213
-26213
-26213
-26213
-26213
-26213
-26213
-26213
-26213
-26213
-26213
-26213
-26213
-26213
-26213
-26213
-26213
-26213
-26213
-26213
-26213
-26213
-26213
-26213
-26213
-26213
-26213
-26213
-26213
-26213
-26213
-26213
-26213
-26213
-26213
-26213
-26213
-26213
-26213
-26213
-26213
-26213
-26213
-26213
-26213
-26213
-26213
-26213
-26213
-26213
-26213
-26213
-26213
-26213
-26213
-26213
-26213
-26213
-26213
-26213
-26213
-26213
-26213
-26213
-26213
-26213
-26213
-26213
-26213
-26213
-26213
-26213
-26213
-26213
-26213
-26213
-26213
-26213
-26213
-26213
-26213
-26213
-26213
-26213
-26213
-26213
-26213
-26213
-26213
-26213
-26213
-26213
-26213
-26213
-26213
-26213
-26213
-26213
-26213
-26213
-26213
-26213
-26213
-26213
-26213
-26213
-26213
-26213
-26213
-26213
-26213
-26213
-26213
-26213
-26213
-26213
-26213
-26213
-26213
-26213
-26213
-26213
-26213
-26213
-26213
-26213
-26213
-26213
-26213
-26213
-26213
-26213
-26213
-26213
-26213
-26213
-26213
-26213
-26213
-26213
-26213
-26213
-26213
-26213
-26213
-26213
-26213
-26213
-26213
-26213
-26213
-26213
-26213
-26213
-26213
-26213
-26213
-26213
-26213
-26213
-26213
-26213
-26213
-26213
-26213
-26213
-26213
-26213
-26213
-26213
-26213
-26213
